10,139
10,299
10,225
10,97
10,155
10,169
10,161
10,137
11,30
11,23
11,20
11,15
11,10
9,5
8,12
8,7
8,15
224848,3
224848,2
224848,1
224848,0
167682,3
167682,1
15451,3
15451,1
20,3
20,2
20,1
19,3
19,2
19,1
14,6
14,5
14,4
14,2
14,0
12,3
12,2
12,1
11,28
11,27
11,21
11,19
11,17
11,14
11,8
11,7
11,3
11,2
11,1
10,290
10,256
10,228
10,222
10,216
10,120
10,72
10,10
10,3
10,2
10,1
9,7
9,6
9,4
9,3
9,2
9,1
8,16
8,14
8,13
8,10
8,9
8,6
8,4
8,3
8,2
8,1
3,3
3,2
3,1
0,569
0,568
0,567
0,565
18,1
18,3
14,1
14,3
13,1
13,3
0,564
0,559
0,557
0,552
0,551
0,548
0,546
0,543
2,2
2,1
2,3
0,539
0,537
0,536
0,535
0,512
0,511
0,510
0,507
0,506
0,504
0,497
0,496
0,492
0,472
